==================================================
CURRENT SETTINGS:
S0 = 90
S1 = 0
Part Offset (0,0,0)


CHANGE SETTINGS:
[1] Change Servo Rotations and Part Offset
[2] Other Settings
[3] No Changes

Choice: 

Enter input filename: Enter output filename: Rot X, Y: 0,-0
Doing the matrix math.
      0       0       0
      0       0    0.25
 13.196       0    0.25
 13.196       0    0.25
 13.196      10    0.25
 12.803  11.537    0.25
 11.718  12.695    0.25
     10  13.196    0.25
    -10  13.196    0.25
-11.537  12.803    0.25
-12.695  11.718    0.25
-13.196      10    0.25
-13.196     -10    0.25
-12.803 -11.537    0.25
-11.718 -12.695    0.25
    -10 -13.196    0.25
     10 -13.196    0.25
 11.537 -12.803    0.25
 12.695 -11.718    0.25
 13.196     -10    0.25
 13.196  -0.075    0.25
 13.196  -0.075    0.25
  9.679  -9.679    0.25
  9.679  -9.679    0.25
  9.679   9.679    0.25
 -9.679   9.679    0.25
 -9.679  -9.679    0.25
  9.604  -9.679    0.25
  9.875  -9.875    0.25
  9.875   9.875    0.25
 -9.875   9.875    0.25
 -9.875  -9.875    0.25
    9.8  -9.875    0.25
  9.625  -9.442    0.25
  9.564   -9.44    0.25
   9.44  -9.564    0.25
  9.161  -9.564    0.25
  9.564  -9.161    0.25
  9.564  -8.881    0.25
  8.881  -9.564    0.25
  8.602  -9.564    0.25
  9.564  -8.602    0.25
  9.564  -8.322    0.25
  8.322  -9.564    0.25
  8.043  -9.564    0.25
  9.564  -8.043    0.25
  9.564  -7.763    0.25
  7.763  -9.564    0.25
  7.484  -9.564    0.25
  9.564  -7.484    0.25
  9.564  -7.205    0.25
  7.205  -9.564    0.25
  6.925  -9.564    0.25
  9.564  -6.925    0.25
  9.564  -6.646    0.25
  6.646  -9.564    0.25
  6.366  -9.564    0.25
  9.564  -6.366    0.25
  9.564  -6.087    0.25
  6.087  -9.564    0.25
  5.807  -9.564    0.25
  9.564  -5.807    0.25
  9.564  -5.528    0.25
  5.528  -9.564    0.25
  5.248  -9.564    0.25
  9.564  -5.248    0.25
  9.564  -4.969    0.25
  4.969  -9.564    0.25
  4.689  -9.564    0.25
  9.564  -4.689    0.25
  9.564   -4.41    0.25
   4.41  -9.564    0.25
   4.13  -9.564    0.25
  9.564   -4.13    0.25
  9.564  -3.851    0.25
  3.851  -9.564    0.25
  3.571  -9.564    0.25
  9.564  -3.571    0.25
  9.564  -3.292    0.25
  3.292  -9.564    0.25
  3.012  -9.564    0.25
  9.564  -3.012    0.25
  9.564  -2.733    0.25
  2.733  -9.564    0.25
  2.454  -9.564    0.25
  9.564  -2.454    0.25
  9.564  -2.174    0.25
  2.174  -9.564    0.25
  1.895  -9.564    0.25
  9.564  -1.895    0.25
  9.564  -1.615    0.25
  1.615  -9.564    0.25
  1.336  -9.564    0.25
  9.564  -1.336    0.25
  9.564  -1.056    0.25
  1.056  -9.564    0.25
  0.777  -9.564    0.25
  9.564  -0.777    0.25
  9.564  -0.497    0.25
  0.497  -9.564    0.25
  0.218  -9.564    0.25
  9.564  -0.218    0.25
  9.564   0.062    0.25
 -0.062  -9.564    0.25
 -0.341  -9.564    0.25
  9.564   0.341    0.25
  9.564   0.621    0.25
 -0.621  -9.564    0.25
   -0.9  -9.564    0.25
  9.564     0.9    0.25
  9.564    1.18    0.25
  -1.18  -9.564    0.25
 -1.459  -9.564    0.25
  9.564   1.459    0.25
  9.564   1.738    0.25
 -1.739  -9.564    0.25
 -2.018  -9.564    0.25
  9.564   2.018    0.25
  9.564   2.297    0.25
 -2.297  -9.564    0.25
 -2.577  -9.564    0.25
  9.564   2.577    0.25
  9.564   2.856    0.25
 -2.856  -9.564    0.25
 -3.136  -9.564    0.25
  9.564   3.136    0.25
  9.564   3.415    0.25
 -3.415  -9.564    0.25
 -3.695  -9.564    0.25
  9.564   3.695    0.25
  9.564   3.974    0.25
 -3.974  -9.564    0.25
 -4.254  -9.564    0.25
  9.564   4.254    0.25
  9.564   4.533    0.25
 -4.533  -9.564    0.25
 -4.813  -9.564    0.25
  9.564   4.813    0.25
  9.564   5.092    0.25
 -5.092  -9.564    0.25
 -5.372  -9.564    0.25
  9.564   5.372    0.25
  9.564   5.651    0.25
 -5.651  -9.564    0.25
 -5.931  -9.564    0.25
  9.564   5.931    0.25
  9.564    6.21    0.25
  -6.21  -9.564    0.25
 -6.489  -9.564    0.25
  9.564   6.489    0.25
  9.564   6.769    0.25
 -6.769  -9.564    0.25
 -7.048  -9.564    0.25
  9.564   7.048    0.25
  9.564   7.328    0.25
 -7.328  -9.564    0.25
 -7.607  -9.564    0.25
  9.564   7.607    0.25
  9.564   7.887    0.25
 -7.887  -9.564    0.25
 -8.166  -9.564    0.25
  9.564   8.166    0.25
  9.564   8.446    0.25
 -8.446  -9.564    0.25
 -8.725  -9.564    0.25
  9.564   8.725    0.25
  9.564   9.005    0.25
 -9.005  -9.564    0.25
 -9.284  -9.564    0.25
  9.564   9.284    0.25
  9.544   9.544    0.25
 -9.544  -9.544    0.25
 -9.564  -9.284    0.25
  9.284   9.564    0.25
  9.005   9.564    0.25
 -9.564  -9.005    0.25
 -9.564  -8.725    0.25
  8.725   9.564    0.25
  8.446   9.564    0.25
 -9.564  -8.446    0.25
 -9.564  -8.166    0.25
  8.166   9.564    0.25
  7.887   9.564    0.25
 -9.564  -7.887    0.25
 -9.564  -7.607    0.25
  7.607   9.564    0.25
  7.328   9.564    0.25
 -9.564  -7.328    0.25
 -9.564  -7.048    0.25
  7.048   9.564    0.25
  6.769   9.564    0.25
 -9.564  -6.769    0.25
 -9.564  -6.489    0.25
  6.489   9.564    0.25
   6.21   9.564    0.25
 -9.564   -6.21    0.25
 -9.564   -5.93    0.25
   5.93   9.564    0.25
  5.651   9.564    0.25
 -9.564  -5.651    0.25
 -9.564  -5.372    0.25
  5.372   9.564    0.25
  5.092   9.564    0.25
 -9.564  -5.092    0.25
 -9.564  -4.813    0.25
  4.813   9.564    0.25
  4.533   9.564    0.25
 -9.564  -4.533    0.25
 -9.564  -4.254    0.25
  4.254   9.564    0.25
  3.974   9.564    0.25
 -9.564  -3.974    0.25
 -9.564  -3.695    0.25
  3.695   9.564    0.25
  3.415   9.564    0.25
 -9.564  -3.415    0.25
 -9.564  -3.136    0.25
  3.136   9.564    0.25
  2.856   9.564    0.25
 -9.564  -2.856    0.25
 -9.564  -2.577    0.25
  2.577   9.564    0.25
  2.297   9.564    0.25
 -9.564  -2.297    0.25
 -9.564  -2.018    0.25
  2.018   9.564    0.25
  1.738   9.564    0.25
 -9.564  -1.738    0.25
 -9.564  -1.459    0.25
  1.459   9.564    0.25
  1.179   9.564    0.25
 -9.564  -1.179    0.25
 -9.564    -0.9    0.25
    0.9   9.564    0.25
  0.621   9.564    0.25
 -9.564  -0.621    0.25
 -9.564  -0.341    0.25
  0.341   9.564    0.25
  0.062   9.564    0.25
 -9.564  -0.062    0.25
 -9.564   0.218    0.25
 -0.218   9.564    0.25
 -0.497   9.564    0.25
 -9.564   0.497    0.25
 -9.564   0.777    0.25
 -0.777   9.564    0.25
 -1.056   9.564    0.25
 -9.564   1.056    0.25
 -9.564   1.336    0.25
 -1.336   9.564    0.25
 -1.615   9.564    0.25
 -9.564   1.615    0.25
 -9.564   1.895    0.25
 -1.895   9.564    0.25
 -2.174   9.564    0.25
 -9.564   2.174    0.25
 -9.564   2.454    0.25
 -2.454   9.564    0.25
 -2.733   9.564    0.25
 -9.564   2.733    0.25
 -9.564   3.013    0.25
 -3.013   9.564    0.25
 -3.292   9.564    0.25
 -9.564   3.292    0.25
 -9.564   3.572    0.25
 -3.572   9.564    0.25
 -3.851   9.564    0.25
 -9.564   3.851    0.25
 -9.564    4.13    0.25
  -4.13   9.564    0.25
  -4.41   9.564    0.25
 -9.564    4.41    0.25
 -9.564   4.689    0.25
 -4.689   9.564    0.25
 -4.969   9.564    0.25
 -9.564   4.969    0.25
 -9.564   5.248    0.25
 -5.248   9.564    0.25
 -5.528   9.564    0.25
 -9.564   5.528    0.25
 -9.564   5.807    0.25
 -5.807   9.564    0.25
 -6.087   9.564    0.25
 -9.564   6.087    0.25
 -9.564   6.366    0.25
 -6.366   9.564    0.25
 -6.646   9.564    0.25
 -9.564   6.646    0.25
 -9.564   6.925    0.25
 -6.925   9.564    0.25
 -7.205   9.564    0.25
 -9.564   7.205    0.25
 -9.564   7.484    0.25
 -7.484   9.564    0.25
 -7.764   9.564    0.25
 -9.564   7.764    0.25
 -9.564   8.043    0.25
 -8.043   9.564    0.25
 -8.323   9.564    0.25
 -9.564   8.323    0.25
 -9.564   8.602    0.25
 -8.602   9.564    0.25
 -8.881   9.564    0.25
 -9.564   8.881    0.25
 -9.564   9.161    0.25
 -9.161   9.564    0.25
  -9.44   9.564    0.25
 -9.564    9.44    0.25
 -9.564    9.44    0.25
 -9.564    9.44     0.5
  9.304  -9.304     0.5
  9.304  -9.304     0.5
  9.304   9.304     0.5
 -9.304   9.304     0.5
 -9.304  -9.304     0.5
  9.229  -9.304     0.5
   9.75   -9.75     0.5
   9.75    9.75     0.5
  -9.75    9.75     0.5
  -9.75   -9.75     0.5
  9.675   -9.75     0.5
    9.5  -9.317     0.5
 -8.787  -9.017     0.5
 -9.017  -8.787     0.5
 -9.017  -8.151     0.5
 -8.151  -9.017     0.5
 -7.516  -9.017     0.5
 -9.017  -7.516     0.5
 -9.017   -6.88     0.5
  -6.88  -9.017     0.5
 -6.244  -9.017     0.5
 -9.017  -6.244     0.5
 -9.017  -5.608     0.5
 -5.608  -9.017     0.5
 -4.972  -9.017     0.5
 -9.017  -4.972     0.5
 -9.017  -4.336     0.5
 -4.336  -9.017     0.5
   -3.7  -9.017     0.5
 -9.017    -3.7     0.5
 -9.017  -3.065     0.5
 -3.065  -9.017     0.5
 -2.429  -9.017     0.5
 -9.017  -2.429     0.5
 -9.017  -1.793     0.5
 -1.793  -9.017     0.5
 -1.157  -9.017     0.5
 -9.017  -1.157     0.5
 -9.017  -0.521     0.5
 -0.521  -9.017     0.5
  0.115  -9.017     0.5
 -9.017   0.115     0.5
 -9.017   0.751     0.5
  0.751  -9.017     0.5
  1.386  -9.017     0.5
 -9.017   1.386     0.5
 -9.017   2.022     0.5
  2.022  -9.017     0.5
  2.658  -9.017     0.5
 -9.017   2.658     0.5
 -9.017   3.294     0.5
  3.294  -9.017     0.5
   3.93  -9.017     0.5
 -9.017    3.93     0.5
 -9.017   4.566     0.5
  4.566  -9.017     0.5
  5.201  -9.017     0.5
 -9.017   5.201     0.5
 -9.017   5.837     0.5
  5.837  -9.017     0.5
  6.473  -9.017     0.5
 -9.017   6.473     0.5
 -9.017   7.109     0.5
  7.109  -9.017     0.5
  7.745  -9.017     0.5
 -9.017   7.745     0.5
 -9.017   8.381     0.5
  8.381  -9.017     0.5
  8.997  -8.997     0.5
 -8.997   8.997     0.5
 -8.381   9.017     0.5
  9.017  -8.381     0.5
  9.017  -7.745     0.5
 -7.745   9.017     0.5
 -7.109   9.017     0.5
  9.017  -7.109     0.5
  9.017  -6.473     0.5
 -6.473   9.017     0.5
 -5.837   9.017     0.5
  9.017  -5.837     0.5
  9.017  -5.202     0.5
 -5.202   9.017     0.5
 -4.566   9.017     0.5
  9.017  -4.566     0.5
  9.017   -3.93     0.5
  -3.93   9.017     0.5
 -3.294   9.017     0.5
  9.017  -3.294     0.5
  9.017  -2.658     0.5
 -2.658   9.017     0.5
 -2.022   9.017     0.5
  9.017  -2.022     0.5
  9.017  -1.386     0.5
 -1.386   9.017     0.5
 -0.751   9.017     0.5
  9.017  -0.751     0.5
  9.017  -0.115     0.5
 -0.115   9.017     0.5
  0.521   9.017     0.5
  9.017   0.521     0.5
  9.017   1.157     0.5
  1.157   9.017     0.5
  1.793   9.017     0.5
  9.017   1.793     0.5
  9.017   2.429     0.5
  2.429   9.017     0.5
  3.065   9.017     0.5
  9.017   3.065     0.5
  9.017     3.7     0.5
    3.7   9.017     0.5
  4.336   9.017     0.5
  9.017   4.336     0.5
  9.017   4.972     0.5
  4.972   9.017     0.5
  5.608   9.017     0.5
  9.017   5.608     0.5
  9.017   6.244     0.5
  6.244   9.017     0.5
   6.88   9.017     0.5
  9.017    6.88     0.5
  9.017   7.516     0.5
  7.516   9.017     0.5
  8.151   9.017     0.5
  9.017   8.151     0.5
  9.017   8.787     0.5
  8.787   9.017     0.5
  8.787   9.017     0.5
  8.787   9.017    0.75
  9.304  -9.304    0.75
  9.304  -9.304    0.75
  9.304   9.304    0.75
 -9.304   9.304    0.75
 -9.304  -9.304    0.75
  9.229  -9.304    0.75
   9.75   -9.75    0.75
   9.75    9.75    0.75
  -9.75    9.75    0.75
  -9.75   -9.75    0.75
  9.675   -9.75    0.75
    9.5  -9.317    0.75
  9.017  -8.787    0.75
  8.787  -9.017    0.75
  8.151  -9.017    0.75
  9.017  -8.151    0.75
  9.017  -7.516    0.75
  7.516  -9.017    0.75
   6.88  -9.017    0.75
  9.017   -6.88    0.75
  9.017  -6.244    0.75
  6.244  -9.017    0.75
  5.608  -9.017    0.75
  9.017  -5.608    0.75
  9.017  -4.972    0.75
  4.972  -9.017    0.75
  4.336  -9.017    0.75
  9.017  -4.336    0.75
  9.017    -3.7    0.75
    3.7  -9.017    0.75
  3.065  -9.017    0.75
  9.017  -3.065    0.75
  9.017  -2.429    0.75
  2.429  -9.017    0.75
  1.793  -9.017    0.75
  9.017  -1.793    0.75
  9.017  -1.157    0.75
  1.157  -9.017    0.75
  0.521  -9.017    0.75
  9.017  -0.521    0.75
  9.017   0.115    0.75
 -0.115  -9.017    0.75
 -0.751  -9.017    0.75
  9.017   0.751    0.75
  9.017   1.386    0.75
 -1.386  -9.017    0.75
 -2.022  -9.017    0.75
  9.017   2.022    0.75
  9.017   2.658    0.75
 -2.658  -9.017    0.75
 -3.294  -9.017    0.75
  9.017   3.294    0.75
  9.017    3.93    0.75
  -3.93  -9.017    0.75
 -4.566  -9.017    0.75
  9.017   4.566    0.75
  9.017   5.202    0.75
 -5.202  -9.017    0.75
 -5.837  -9.017    0.75
  9.017   5.837    0.75
  9.017   6.473    0.75
 -6.473  -9.017    0.75
 -7.109  -9.017    0.75
  9.017   7.109    0.75
  9.017   7.745    0.75
 -7.745  -9.017    0.75
 -8.381  -9.017    0.75
  9.017   8.381    0.75
  8.997   8.997    0.75
 -8.997  -8.997    0.75
 -9.017  -8.381    0.75
  8.381   9.017    0.75
  7.745   9.017    0.75
 -9.017  -7.745    0.75
 -9.017  -7.109    0.75
  7.109   9.017    0.75
  6.473   9.017    0.75
 -9.017  -6.473    0.75
 -9.017  -5.837    0.75
  5.837   9.017    0.75
  5.201   9.017    0.75
 -9.017  -5.201    0.75
 -9.017  -4.566    0.75
  4.566   9.017    0.75
   3.93   9.017    0.75
 -9.017   -3.93    0.75
 -9.017  -3.294    0.75
  3.294   9.017    0.75
  2.658   9.017    0.75
 -9.017  -2.658    0.75
 -9.017  -2.022    0.75
  2.022   9.017    0.75
  1.386   9.017    0.75
 -9.017  -1.386    0.75
 -9.017  -0.751    0.75
  0.751   9.017    0.75
  0.115   9.017    0.75
 -9.017  -0.115    0.75
 -9.017   0.521    0.75
 -0.521   9.017    0.75
 -1.157   9.017    0.75
 -9.017   1.157    0.75
 -9.017   1.793    0.75
 -1.793   9.017    0.75
 -2.429   9.017    0.75
 -9.017   2.429    0.75
 -9.017   3.065    0.75
 -3.065   9.017    0.75
   -3.7   9.017    0.75
 -9.017     3.7    0.75
 -9.017   4.336    0.75
 -4.336   9.017    0.75
 -4.972   9.017    0.75
 -9.017   4.972    0.75
 -9.017   5.608    0.75
 -5.608   9.017    0.75
 -6.244   9.017    0.75
 -9.017   6.244    0.75
 -9.017    6.88    0.75
  -6.88   9.017    0.75
 -7.516   9.017    0.75
 -9.017   7.516    0.75
 -9.017   8.151    0.75
 -8.151   9.017    0.75
 -8.787   9.017    0.75
 -9.017   8.787    0.75
 -9.017   8.787    0.75
 -9.017   8.787       1
  9.304  -9.304       1
  9.304  -9.304       1
  9.304   9.304       1
 -9.304   9.304       1
 -9.304  -9.304       1
  9.229  -9.304       1
   9.75   -9.75       1
   9.75    9.75       1
  -9.75    9.75       1
  -9.75   -9.75       1
  9.675   -9.75       1
    9.5  -9.317       1
 -9.017  -6.885       1
 -6.885  -9.017       1
 -0.573  -9.017       1
 -9.017  -0.573       1
 -9.017   5.739       1
  5.739  -9.017       1
  9.017  -5.982       1
 -5.982   9.017       1
  0.331   9.017       1
  9.017   0.331       1
  9.017   6.643       1
  6.643   9.017       1
  6.643   9.017       1
  6.643   9.017    1.25
  9.304  -9.304    1.25
  9.304  -9.304    1.25
  9.304   9.304    1.25
 -9.304   9.304    1.25
 -9.304  -9.304    1.25
  9.229  -9.304    1.25
   9.75   -9.75    1.25
   9.75    9.75    1.25
  -9.75    9.75    1.25
  -9.75   -9.75    1.25
  9.675   -9.75    1.25
    9.5  -9.317    1.25
  9.017  -6.643    1.25
  6.643  -9.017    1.25
  0.331  -9.017    1.25
  9.017  -0.331    1.25
  9.017   5.982    1.25
 -5.982  -9.017    1.25
 -9.017  -5.739    1.25
  5.739   9.017    1.25
 -0.573   9.017    1.25
 -9.017   0.573    1.25
 -9.017   6.885    1.25
 -6.885   9.017    1.25
 -6.885   9.017    1.25
 -6.885   9.017     1.5
  9.304  -9.304     1.5
  9.304  -9.304     1.5
  9.304   9.304     1.5
 -9.304   9.304     1.5
 -9.304  -9.304     1.5
  9.229  -9.304     1.5
   9.75   -9.75     1.5
   9.75    9.75     1.5
  -9.75    9.75     1.5
  -9.75   -9.75     1.5
  9.675   -9.75     1.5
    9.5  -9.317     1.5
 -9.017  -6.885     1.5
 -6.885  -9.017     1.5
 -0.573  -9.017     1.5
 -9.017  -0.573     1.5
 -9.017   5.739     1.5
  5.739  -9.017     1.5
  9.017  -5.982     1.5
 -5.982   9.017     1.5
  0.331   9.017     1.5
  9.017   0.331     1.5
  9.017   6.643     1.5
  6.643   9.017     1.5
  6.643   9.017     1.5
  6.643   9.017    1.75
  9.304  -9.304    1.75
  9.304  -9.304    1.75
  9.304   9.304    1.75
 -9.304   9.304    1.75
 -9.304  -9.304    1.75
  9.229  -9.304    1.75
   9.75   -9.75    1.75
   9.75    9.75    1.75
  -9.75    9.75    1.75
  -9.75   -9.75    1.75
  9.675   -9.75    1.75
    9.5  -9.317    1.75
  9.017  -6.643    1.75
  6.643  -9.017    1.75
  0.331  -9.017    1.75
  9.017  -0.331    1.75
  9.017   5.982    1.75
 -5.982  -9.017    1.75
 -9.017  -5.739    1.75
  5.739   9.017    1.75
 -0.573   9.017    1.75
 -9.017   0.573    1.75
 -9.017   6.885    1.75
 -6.885   9.017    1.75
 -6.885   9.017    1.75
 -6.885   9.017       2
  9.304  -9.304       2
  9.304  -9.304       2
  9.304   9.304       2
 -9.304   9.304       2
 -9.304  -9.304       2
  9.229  -9.304       2
   9.75   -9.75       2
   9.75    9.75       2
  -9.75    9.75       2
  -9.75   -9.75       2
  9.675   -9.75       2
    9.5  -9.317       2
 -9.017  -6.885       2
 -6.885  -9.017       2
 -0.573  -9.017       2
 -9.017  -0.573       2
 -9.017   5.739       2
  5.739  -9.017       2
  9.017  -5.982       2
 -5.982   9.017       2
  0.331   9.017       2
  9.017   0.331       2
  9.017   6.643       2
  6.643   9.017       2
  6.643   9.017       2
  6.643   9.017    2.25
  9.304  -9.304    2.25
  9.304  -9.304    2.25
  9.304   9.304    2.25
 -9.304   9.304    2.25
 -9.304  -9.304    2.25
  9.229  -9.304    2.25
   9.75   -9.75    2.25
   9.75    9.75    2.25
  -9.75    9.75    2.25
  -9.75   -9.75    2.25
  9.675   -9.75    2.25
    9.5  -9.317    2.25
  9.017  -6.643    2.25
  6.643  -9.017    2.25
  0.331  -9.017    2.25
  9.017  -0.331    2.25
  9.017   5.982    2.25
 -5.982  -9.017    2.25
 -9.017  -5.739    2.25
  5.739   9.017    2.25
 -0.573   9.017    2.25
 -9.017   0.573    2.25
 -9.017   6.885    2.25
 -6.885   9.017    2.25
 -6.885   9.017    2.25
 -6.885   9.017     2.5
  9.304  -9.304     2.5
  9.304  -9.304     2.5
  9.304   9.304     2.5
 -9.304   9.304     2.5
 -9.304  -9.304     2.5
  9.229  -9.304     2.5
   9.75   -9.75     2.5
   9.75    9.75     2.5
  -9.75    9.75     2.5
  -9.75   -9.75     2.5
  9.675   -9.75     2.5
    9.5  -9.317     2.5
 -9.017  -6.885     2.5
 -6.885  -9.017     2.5
 -0.573  -9.017     2.5
 -9.017  -0.573     2.5
 -9.017   5.739     2.5
  5.739  -9.017     2.5
  9.017  -5.982     2.5
 -5.982   9.017     2.5
  0.331   9.017     2.5
  9.017   0.331     2.5
  9.017   6.643     2.5
  6.643   9.017     2.5
  6.643   9.017     2.5
  6.643   9.017    2.75
  9.304  -9.304    2.75
  9.304  -9.304    2.75
  9.304   9.304    2.75
 -9.304   9.304    2.75
 -9.304  -9.304    2.75
  9.229  -9.304    2.75
   9.75   -9.75    2.75
   9.75    9.75    2.75
  -9.75    9.75    2.75
  -9.75   -9.75    2.75
  9.675   -9.75    2.75
    9.5  -9.317    2.75
  9.017  -6.643    2.75
  6.643  -9.017    2.75
  0.331  -9.017    2.75
  9.017  -0.331    2.75
  9.017   5.982    2.75
 -5.982  -9.017    2.75
 -9.017  -5.739    2.75
  5.739   9.017    2.75
 -0.573   9.017    2.75
 -9.017   0.573    2.75
 -9.017   6.885    2.75
 -6.885   9.017    2.75
 -6.885   9.017    2.75
 -6.885   9.017       3
  9.304  -9.304       3
  9.304  -9.304       3
  9.304   9.304       3
 -9.304   9.304       3
 -9.304  -9.304       3
  9.229  -9.304       3
   9.75   -9.75       3
   9.75    9.75       3
  -9.75    9.75       3
  -9.75   -9.75       3
  9.675   -9.75       3
    9.5  -9.317       3
 -9.017  -6.885       3
 -6.885  -9.017       3
 -0.573  -9.017       3
 -9.017  -0.573       3
 -9.017   5.739       3
  5.739  -9.017       3
  9.017  -5.982       3
 -5.982   9.017       3
  0.331   9.017       3
  9.017   0.331       3
  9.017   6.643       3
  6.643   9.017       3
  6.643   9.017       3
  6.643   9.017    3.25
  9.304  -9.304    3.25
  9.304  -9.304    3.25
  9.304   9.304    3.25
 -9.304   9.304    3.25
 -9.304  -9.304    3.25
  9.229  -9.304    3.25
   9.75   -9.75    3.25
   9.75    9.75    3.25
  -9.75    9.75    3.25
  -9.75   -9.75    3.25
  9.675   -9.75    3.25
    9.5  -9.317    3.25
  9.017  -6.643    3.25
  6.643  -9.017    3.25
  0.331  -9.017    3.25
  9.017  -0.331    3.25
  9.017   5.982    3.25
 -5.982  -9.017    3.25
 -9.017  -5.739    3.25
  5.739   9.017    3.25
 -0.573   9.017    3.25
 -9.017   0.573    3.25
 -9.017   6.885    3.25
 -6.885   9.017    3.25
 -6.885   9.017    3.25
 -6.885   9.017     3.5
  9.304  -9.304     3.5
  9.304  -9.304     3.5
  9.304   9.304     3.5
 -9.304   9.304     3.5
 -9.304  -9.304     3.5
  9.229  -9.304     3.5
   9.75   -9.75     3.5
   9.75    9.75     3.5
  -9.75    9.75     3.5
  -9.75   -9.75     3.5
  9.675   -9.75     3.5
    9.5  -9.317     3.5
 -9.017  -6.885     3.5
 -6.885  -9.017     3.5
 -0.573  -9.017     3.5
 -9.017  -0.573     3.5
 -9.017   5.739     3.5
  5.739  -9.017     3.5
  9.017  -5.982     3.5
 -5.982   9.017     3.5
  0.331   9.017     3.5
  9.017   0.331     3.5
  9.017   6.643     3.5
  6.643   9.017     3.5
  6.643   9.017     3.5
  6.643   9.017    3.75
  9.304  -9.304    3.75
  9.304  -9.304    3.75
  9.304   9.304    3.75
 -9.304   9.304    3.75
 -9.304  -9.304    3.75
  9.229  -9.304    3.75
   9.75   -9.75    3.75
   9.75    9.75    3.75
  -9.75    9.75    3.75
  -9.75   -9.75    3.75
  9.675   -9.75    3.75
    9.5  -9.317    3.75
  9.017  -6.643    3.75
  6.643  -9.017    3.75
  0.331  -9.017    3.75
  9.017  -0.331    3.75
  9.017   5.982    3.75
 -5.982  -9.017    3.75
 -9.017  -5.739    3.75
  5.739   9.017    3.75
 -0.573   9.017    3.75
 -9.017   0.573    3.75
 -9.017   6.885    3.75
 -6.885   9.017    3.75
 -6.885   9.017    3.75
 -6.885   9.017       4
  9.304  -9.304       4
  9.304  -9.304       4
  9.304   9.304       4
 -9.304   9.304       4
 -9.304  -9.304       4
  9.229  -9.304       4
   9.75   -9.75       4
   9.75    9.75       4
  -9.75    9.75       4
  -9.75   -9.75       4
  9.675   -9.75       4
    9.5  -9.317       4
 -9.017  -6.885       4
 -6.885  -9.017       4
 -0.573  -9.017       4
 -9.017  -0.573       4
 -9.017   5.739       4
  5.739  -9.017       4
  9.017  -5.982       4
 -5.982   9.017       4
  0.331   9.017       4
  9.017   0.331       4
  9.017   6.643       4
  6.643   9.017       4
  6.643   9.017       4
  6.643   9.017    4.25
  9.304  -9.304    4.25
  9.304  -9.304    4.25
  9.304   9.304    4.25
 -9.304   9.304    4.25
 -9.304  -9.304    4.25
  9.229  -9.304    4.25
   9.75   -9.75    4.25
   9.75    9.75    4.25
  -9.75    9.75    4.25
  -9.75   -9.75    4.25
  9.675   -9.75    4.25
    9.5  -9.317    4.25
  9.017  -6.643    4.25
  6.643  -9.017    4.25
  0.331  -9.017    4.25
  9.017  -0.331    4.25
  9.017   5.982    4.25
 -5.982  -9.017    4.25
 -9.017  -5.739    4.25
  5.739   9.017    4.25
 -0.573   9.017    4.25
 -9.017   0.573    4.25
 -9.017   6.885    4.25
 -6.885   9.017    4.25
 -6.885   9.017    4.25
 -6.885   9.017     4.5
  9.304  -9.304     4.5
  9.304  -9.304     4.5
  9.304   9.304     4.5
 -9.304   9.304     4.5
 -9.304  -9.304     4.5
  9.229  -9.304     4.5
   9.75   -9.75     4.5
   9.75    9.75     4.5
  -9.75    9.75     4.5
  -9.75   -9.75     4.5
  9.675   -9.75     4.5
    9.5  -9.317     4.5
 -9.017  -6.885     4.5
 -6.885  -9.017     4.5
 -0.573  -9.017     4.5
 -9.017  -0.573     4.5
 -9.017   5.739     4.5
  5.739  -9.017     4.5
  9.017  -5.982     4.5
 -5.982   9.017     4.5
  0.331   9.017     4.5
  9.017   0.331     4.5
  9.017   6.643     4.5
  6.643   9.017     4.5
  6.643   9.017     4.5
  6.643   9.017    4.75
  9.304  -9.304    4.75
  9.304  -9.304    4.75
  9.304   9.304    4.75
 -9.304   9.304    4.75
 -9.304  -9.304    4.75
  9.229  -9.304    4.75
   9.75   -9.75    4.75
   9.75    9.75    4.75
  -9.75    9.75    4.75
  -9.75   -9.75    4.75
  9.675   -9.75    4.75
    9.5  -9.317    4.75
  9.017  -6.643    4.75
  6.643  -9.017    4.75
  0.331  -9.017    4.75
  9.017  -0.331    4.75
  9.017   5.982    4.75
 -5.982  -9.017    4.75
 -9.017  -5.739    4.75
  5.739   9.017    4.75
 -0.573   9.017    4.75
 -9.017   0.573    4.75
 -9.017   6.885    4.75
 -6.885   9.017    4.75
 -6.885   9.017    4.75
 -6.885   9.017       5
  9.304  -9.304       5
  9.304  -9.304       5
  9.304   9.304       5
 -9.304   9.304       5
 -9.304  -9.304       5
  9.229  -9.304       5
   9.75   -9.75       5
   9.75    9.75       5
  -9.75    9.75       5
  -9.75   -9.75       5
  9.675   -9.75       5
    9.5  -9.317       5
 -9.017  -6.885       5
 -6.885  -9.017       5
 -0.573  -9.017       5
 -9.017  -0.573       5
 -9.017   5.739       5
  5.739  -9.017       5
  9.017  -5.982       5
 -5.982   9.017       5
  0.331   9.017       5
  9.017   0.331       5
  9.017   6.643       5
  6.643   9.017       5
  6.643   9.017       5
  6.643   9.017    5.25
  9.304  -9.304    5.25
  9.304  -9.304    5.25
  9.304   9.304    5.25
 -9.304   9.304    5.25
 -9.304  -9.304    5.25
  9.229  -9.304    5.25
   9.75   -9.75    5.25
   9.75    9.75    5.25
  -9.75    9.75    5.25
  -9.75   -9.75    5.25
  9.675   -9.75    5.25
    9.5  -9.317    5.25
  9.017  -6.643    5.25
  6.643  -9.017    5.25
  0.331  -9.017    5.25
  9.017  -0.331    5.25
  9.017   5.982    5.25
 -5.982  -9.017    5.25
 -9.017  -5.739    5.25
  5.739   9.017    5.25
 -0.573   9.017    5.25
 -9.017   0.573    5.25
 -9.017   6.885    5.25
 -6.885   9.017    5.25
 -6.885   9.017    5.25
 -6.885   9.017     5.5
  9.304  -9.304     5.5
  9.304  -9.304     5.5
  9.304   9.304     5.5
 -9.304   9.304     5.5
 -9.304  -9.304     5.5
  9.229  -9.304     5.5
   9.75   -9.75     5.5
   9.75    9.75     5.5
  -9.75    9.75     5.5
  -9.75   -9.75     5.5
  9.675   -9.75     5.5
    9.5  -9.317     5.5
 -9.017  -6.885     5.5
 -6.885  -9.017     5.5
 -0.573  -9.017     5.5
 -9.017  -0.573     5.5
 -9.017   5.739     5.5
  5.739  -9.017     5.5
  9.017  -5.982     5.5
 -5.982   9.017     5.5
  0.331   9.017     5.5
  9.017   0.331     5.5
  9.017   6.643     5.5
  6.643   9.017     5.5
  6.643   9.017     5.5
  6.643   9.017    5.75
  9.304  -9.304    5.75
  9.304  -9.304    5.75
  9.304   9.304    5.75
 -9.304   9.304    5.75
 -9.304  -9.304    5.75
  9.229  -9.304    5.75
   9.75   -9.75    5.75
   9.75    9.75    5.75
  -9.75    9.75    5.75
  -9.75   -9.75    5.75
  9.675   -9.75    5.75
    9.5  -9.317    5.75
  9.017  -6.643    5.75
  6.643  -9.017    5.75
  0.331  -9.017    5.75
  9.017  -0.331    5.75
  9.017   5.982    5.75
 -5.982  -9.017    5.75
 -9.017  -5.739    5.75
  5.739   9.017    5.75
 -0.573   9.017    5.75
 -9.017   0.573    5.75
 -9.017   6.885    5.75
 -6.885   9.017    5.75
 -6.885   9.017    5.75
 -6.885   9.017       6
  9.304  -9.304       6
  9.304  -9.304       6
  9.304   9.304       6
 -9.304   9.304       6
 -9.304  -9.304       6
  9.229  -9.304       6
   9.75   -9.75       6
   9.75    9.75       6
  -9.75    9.75       6
  -9.75   -9.75       6
  9.675   -9.75       6
    9.5  -9.317       6
 -9.017  -6.885       6
 -6.885  -9.017       6
 -0.573  -9.017       6
 -9.017  -0.573       6
 -9.017   5.739       6
  5.739  -9.017       6
  9.017  -5.982       6
 -5.982   9.017       6
  0.331   9.017       6
  9.017   0.331       6
  9.017   6.643       6
  6.643   9.017       6
  6.643   9.017       6
  6.643   9.017    6.25
  9.304  -9.304    6.25
  9.304  -9.304    6.25
  9.304   9.304    6.25
 -9.304   9.304    6.25
 -9.304  -9.304    6.25
  9.229  -9.304    6.25
   9.75   -9.75    6.25
   9.75    9.75    6.25
  -9.75    9.75    6.25
  -9.75   -9.75    6.25
  9.675   -9.75    6.25
    9.5  -9.317    6.25
  9.017  -6.643    6.25
  6.643  -9.017    6.25
  0.331  -9.017    6.25
  9.017  -0.331    6.25
  9.017   5.982    6.25
 -5.982  -9.017    6.25
 -9.017  -5.739    6.25
  5.739   9.017    6.25
 -0.573   9.017    6.25
 -9.017   0.573    6.25
 -9.017   6.885    6.25
 -6.885   9.017    6.25
 -6.885   9.017    6.25
 -6.885   9.017     6.5
  9.304  -9.304     6.5
  9.304  -9.304     6.5
  9.304   9.304     6.5
 -9.304   9.304     6.5
 -9.304  -9.304     6.5
  9.229  -9.304     6.5
   9.75   -9.75     6.5
   9.75    9.75     6.5
  -9.75    9.75     6.5
  -9.75   -9.75     6.5
  9.675   -9.75     6.5
    9.5  -9.317     6.5
 -9.017  -6.885     6.5
 -6.885  -9.017     6.5
 -0.573  -9.017     6.5
 -9.017  -0.573     6.5
 -9.017   5.739     6.5
  5.739  -9.017     6.5
  9.017  -5.982     6.5
 -5.982   9.017     6.5
  0.331   9.017     6.5
  9.017   0.331     6.5
  9.017   6.643     6.5
  6.643   9.017     6.5
  6.643   9.017     6.5
  6.643   9.017    6.75
  9.304  -9.304    6.75
  9.304  -9.304    6.75
  9.304   9.304    6.75
 -9.304   9.304    6.75
 -9.304  -9.304    6.75
  9.229  -9.304    6.75
   9.75   -9.75    6.75
   9.75    9.75    6.75
  -9.75    9.75    6.75
  -9.75   -9.75    6.75
  9.675   -9.75    6.75
    9.5  -9.317    6.75
  9.017  -6.643    6.75
  6.643  -9.017    6.75
  0.331  -9.017    6.75
  9.017  -0.331    6.75
  9.017   5.982    6.75
 -5.982  -9.017    6.75
 -9.017  -5.739    6.75
  5.739   9.017    6.75
 -0.573   9.017    6.75
 -9.017   0.573    6.75
 -9.017   6.885    6.75
 -6.885   9.017    6.75
 -6.885   9.017    6.75
 -6.885   9.017       7
  9.304  -9.304       7
  9.304  -9.304       7
  9.304   9.304       7
 -9.304   9.304       7
 -9.304  -9.304       7
  9.229  -9.304       7
   9.75   -9.75       7
   9.75    9.75       7
  -9.75    9.75       7
  -9.75   -9.75       7
  9.675   -9.75       7
    9.5  -9.317       7
 -9.017  -6.885       7
 -6.885  -9.017       7
 -0.573  -9.017       7
 -9.017  -0.573       7
 -9.017   5.739       7
  5.739  -9.017       7
  9.017  -5.982       7
 -5.982   9.017       7
  0.331   9.017       7
  9.017   0.331       7
  9.017   6.643       7
  6.643   9.017       7
  6.643   9.017       7
  6.643   9.017    7.25
  9.304  -9.304    7.25
  9.304  -9.304    7.25
  9.304   9.304    7.25
 -9.304   9.304    7.25
 -9.304  -9.304    7.25
  9.229  -9.304    7.25
   9.75   -9.75    7.25
   9.75    9.75    7.25
  -9.75    9.75    7.25
  -9.75   -9.75    7.25
  9.675   -9.75    7.25
    9.5  -9.317    7.25
  9.017  -6.643    7.25
  6.643  -9.017    7.25
  0.331  -9.017    7.25
  9.017  -0.331    7.25
  9.017   5.982    7.25
 -5.982  -9.017    7.25
 -9.017  -5.739    7.25
  5.739   9.017    7.25
 -0.573   9.017    7.25
 -9.017   0.573    7.25
 -9.017   6.885    7.25
 -6.885   9.017    7.25
 -6.885   9.017    7.25
 -6.885   9.017     7.5
  9.304  -9.304     7.5
  9.304  -9.304     7.5
  9.304   9.304     7.5
 -9.304   9.304     7.5
 -9.304  -9.304     7.5
  9.229  -9.304     7.5
   9.75   -9.75     7.5
   9.75    9.75     7.5
  -9.75    9.75     7.5
  -9.75   -9.75     7.5
  9.675   -9.75     7.5
    9.5  -9.317     7.5
 -9.017  -6.885     7.5
 -6.885  -9.017     7.5
 -0.573  -9.017     7.5
 -9.017  -0.573     7.5
 -9.017   5.739     7.5
  5.739  -9.017     7.5
  9.017  -5.982     7.5
 -5.982   9.017     7.5
  0.331   9.017     7.5
  9.017   0.331     7.5
  9.017   6.643     7.5
  6.643   9.017     7.5
  6.643   9.017     7.5
  6.643   9.017    7.75
  9.304  -9.304    7.75
  9.304  -9.304    7.75
  9.304   9.304    7.75
 -9.304   9.304    7.75
 -9.304  -9.304    7.75
  9.229  -9.304    7.75
   9.75   -9.75    7.75
   9.75    9.75    7.75
  -9.75    9.75    7.75
  -9.75   -9.75    7.75
  9.675   -9.75    7.75
    9.5  -9.317    7.75
  9.017  -6.643    7.75
  6.643  -9.017    7.75
  0.331  -9.017    7.75
  9.017  -0.331    7.75
  9.017   5.982    7.75
 -5.982  -9.017    7.75
 -9.017  -5.739    7.75
  5.739   9.017    7.75
 -0.573   9.017    7.75
 -9.017   0.573    7.75
 -9.017   6.885    7.75
 -6.885   9.017    7.75
 -6.885   9.017    7.75
 -6.885   9.017       8
  9.304  -9.304       8
  9.304  -9.304       8
  9.304   9.304       8
 -9.304   9.304       8
 -9.304  -9.304       8
  9.229  -9.304       8
   9.75   -9.75       8
   9.75    9.75       8
  -9.75    9.75       8
  -9.75   -9.75       8
  9.675   -9.75       8
    9.5  -9.317       8
 -9.017  -6.885       8
 -6.885  -9.017       8
 -0.573  -9.017       8
 -9.017  -0.573       8
 -9.017   5.739       8
  5.739  -9.017       8
  9.017  -5.982       8
 -5.982   9.017       8
  0.331   9.017       8
  9.017   0.331       8
  9.017   6.643       8
  6.643   9.017       8
  6.643   9.017       8
  6.643   9.017    8.25
  9.304  -9.304    8.25
  9.304  -9.304    8.25
  9.304   9.304    8.25
 -9.304   9.304    8.25
 -9.304  -9.304    8.25
  9.229  -9.304    8.25
   9.75   -9.75    8.25
   9.75    9.75    8.25
  -9.75    9.75    8.25
  -9.75   -9.75    8.25
  9.675   -9.75    8.25
    9.5  -9.317    8.25
  9.017  -6.643    8.25
  6.643  -9.017    8.25
  0.331  -9.017    8.25
  9.017  -0.331    8.25
  9.017   5.982    8.25
 -5.982  -9.017    8.25
 -9.017  -5.739    8.25
  5.739   9.017    8.25
 -0.573   9.017    8.25
 -9.017   0.573    8.25
 -9.017   6.885    8.25
 -6.885   9.017    8.25
 -6.885   9.017    8.25
 -6.885   9.017     8.5
  9.304  -9.304     8.5
  9.304  -9.304     8.5
  9.304   9.304     8.5
 -9.304   9.304     8.5
 -9.304  -9.304     8.5
  9.229  -9.304     8.5
   9.75   -9.75     8.5
   9.75    9.75     8.5
  -9.75    9.75     8.5
  -9.75   -9.75     8.5
  9.675   -9.75     8.5
    9.5  -9.317     8.5
 -9.017  -6.885     8.5
 -6.885  -9.017     8.5
 -0.573  -9.017     8.5
 -9.017  -0.573     8.5
 -9.017   5.739     8.5
  5.739  -9.017     8.5
  9.017  -5.982     8.5
 -5.982   9.017     8.5
  0.331   9.017     8.5
  9.017   0.331     8.5
  9.017   6.643     8.5
  6.643   9.017     8.5
  6.643   9.017     8.5
  6.643   9.017    8.75
  9.304  -9.304    8.75
  9.304  -9.304    8.75
  9.304   9.304    8.75
 -9.304   9.304    8.75
 -9.304  -9.304    8.75
  9.229  -9.304    8.75
   9.75   -9.75    8.75
   9.75    9.75    8.75
  -9.75    9.75    8.75
  -9.75   -9.75    8.75
  9.675   -9.75    8.75
    9.5  -9.317    8.75
  9.017  -6.643    8.75
  6.643  -9.017    8.75
  0.331  -9.017    8.75
  9.017  -0.331    8.75
  9.017   5.982    8.75
 -5.982  -9.017    8.75
 -9.017  -5.739    8.75
  5.739   9.017    8.75
 -0.573   9.017    8.75
 -9.017   0.573    8.75
 -9.017   6.885    8.75
 -6.885   9.017    8.75
 -6.885   9.017    8.75
 -6.885   9.017       9
  9.304  -9.304       9
  9.304  -9.304       9
  9.304   9.304       9
 -9.304   9.304       9
 -9.304  -9.304       9
  9.229  -9.304       9
   9.75   -9.75       9
   9.75    9.75       9
  -9.75    9.75       9
  -9.75   -9.75       9
  9.675   -9.75       9
    9.5  -9.317       9
 -9.017  -6.885       9
 -6.885  -9.017       9
 -0.573  -9.017       9
 -9.017  -0.573       9
 -9.017   5.739       9
  5.739  -9.017       9
  9.017  -5.982       9
 -5.982   9.017       9
  0.331   9.017       9
  9.017   0.331       9
  9.017   6.643       9
  6.643   9.017       9
  6.643   9.017       9
  6.643   9.017    9.25
  9.304  -9.304    9.25
  9.304  -9.304    9.25
  9.304   9.304    9.25
 -9.304   9.304    9.25
 -9.304  -9.304    9.25
  9.229  -9.304    9.25
   9.75   -9.75    9.25
   9.75    9.75    9.25
  -9.75    9.75    9.25
  -9.75   -9.75    9.25
  9.675   -9.75    9.25
    9.5  -9.317    9.25
  9.017  -6.643    9.25
  6.643  -9.017    9.25
  0.331  -9.017    9.25
  9.017  -0.331    9.25
  9.017   5.982    9.25
 -5.982  -9.017    9.25
 -9.017  -5.739    9.25
  5.739   9.017    9.25
 -0.573   9.017    9.25
 -9.017   0.573    9.25
 -9.017   6.885    9.25
 -6.885   9.017    9.25
 -6.885   9.017    9.25
 -6.885   9.017     9.5
  9.304  -9.304     9.5
  9.304  -9.304     9.5
  9.304   9.304     9.5
 -9.304   9.304     9.5
 -9.304  -9.304     9.5
  9.229  -9.304     9.5
   9.75   -9.75     9.5
   9.75    9.75     9.5
  -9.75    9.75     9.5
  -9.75   -9.75     9.5
  9.675   -9.75     9.5
    9.5  -9.317     9.5
 -8.987  -8.713     9.5
 -8.713  -8.987     9.5
 -7.927  -8.987     9.5
 -8.987  -7.927     9.5
 -8.987   -7.14     9.5
  -7.14  -8.987     9.5
 -6.353  -8.987     9.5
 -8.987  -6.353     9.5
 -8.987  -5.567     9.5
 -5.567  -8.987     9.5
  -4.78  -8.987     9.5
 -8.987   -4.78     9.5
 -8.987  -3.993     9.5
 -3.993  -8.987     9.5
 -3.207  -8.987     9.5
 -8.987  -3.207     9.5
 -8.987   -2.42     9.5
  -2.42  -8.987     9.5
 -1.633  -8.987     9.5
 -8.987  -1.633     9.5
 -8.987  -0.847     9.5
 -0.847  -8.987     9.5
  -0.06  -8.987     9.5
 -8.987   -0.06     9.5
 -8.987   0.727     9.5
  0.727  -8.987     9.5
  1.513  -8.987     9.5
 -8.987   1.513     9.5
 -8.987     2.3     9.5
    2.3  -8.987     9.5
  3.087  -8.987     9.5
 -8.987   3.087     9.5
 -8.987   3.873     9.5
  3.873  -8.987     9.5
   4.66  -8.987     9.5
 -8.987    4.66     9.5
 -8.987   5.447     9.5
  5.447  -8.987     9.5
  6.233  -8.987     9.5
 -8.987   6.233     9.5
 -8.987    7.02     9.5
   7.02  -8.987     9.5
  7.807  -8.987     9.5
 -8.987   7.807     9.5
 -8.987   8.593     9.5
  8.593  -8.987     9.5
  8.987  -8.593     9.5
 -8.593   8.987     9.5
 -7.807   8.987     9.5
  8.987  -7.807     9.5
  8.987   -7.02     9.5
  -7.02   8.987     9.5
 -6.233   8.987     9.5
  8.987  -6.233     9.5
  8.987  -5.447     9.5
 -5.447   8.987     9.5
  -4.66   8.987     9.5
  8.987   -4.66     9.5
  8.987  -3.873     9.5
 -3.873   8.987     9.5
 -3.087   8.987     9.5
  8.987  -3.087     9.5
  8.987    -2.3     9.5
   -2.3   8.987     9.5
 -1.513   8.987     9.5
  8.987  -1.513     9.5
  8.987  -0.727     9.5
 -0.727   8.987     9.5
   0.06   8.987     9.5
  8.987    0.06     9.5
  8.987   0.847     9.5
  0.847   8.987     9.5
  1.633   8.987     9.5
  8.987   1.633     9.5
  8.987    2.42     9.5
   2.42   8.987     9.5
  3.207   8.987     9.5
  8.987   3.207     9.5
  8.987   3.993     9.5
  3.993   8.987     9.5
   4.78   8.987     9.5
  8.987    4.78     9.5
  8.987   5.567     9.5
  5.567   8.987     9.5
  6.353   8.987     9.5
  8.987   6.353     9.5
  8.987    7.14     9.5
   7.14   8.987     9.5
  7.927   8.987     9.5
  8.987   7.927     9.5
  8.987   8.713     9.5
  8.713   8.987     9.5
  8.713   8.987     9.5
  8.713   8.987    9.75
  9.304  -9.304    9.75
  9.304  -9.304    9.75
  9.304   9.304    9.75
 -9.304   9.304    9.75
 -9.304  -9.304    9.75
  9.229  -9.304    9.75
   9.75   -9.75    9.75
   9.75    9.75    9.75
  -9.75    9.75    9.75
  -9.75   -9.75    9.75
  9.675   -9.75    9.75
    9.5  -9.317    9.75
  9.017  -8.787    9.75
  8.787  -9.017    9.75
  8.151  -9.017    9.75
  9.017  -8.151    9.75
  9.017  -7.516    9.75
  7.516  -9.017    9.75
   6.88  -9.017    9.75
  9.017   -6.88    9.75
  9.017  -6.244    9.75
  6.244  -9.017    9.75
  5.608  -9.017    9.75
  9.017  -5.608    9.75
  9.017  -4.972    9.75
  4.972  -9.017    9.75
  4.336  -9.017    9.75
  9.017  -4.336    9.75
  9.017    -3.7    9.75
    3.7  -9.017    9.75
  3.065  -9.017    9.75
  9.017  -3.065    9.75
  9.017  -2.429    9.75
  2.429  -9.017    9.75
  1.793  -9.017    9.75
  9.017  -1.793    9.75
  9.017  -1.157    9.75
  1.157  -9.017    9.75
  0.521  -9.017    9.75
  9.017  -0.521    9.75
  9.017   0.115    9.75
 -0.115  -9.017    9.75
 -0.751  -9.017    9.75
  9.017   0.751    9.75
  9.017   1.386    9.75
 -1.386  -9.017    9.75
 -2.022  -9.017    9.75
  9.017   2.022    9.75
  9.017   2.658    9.75
 -2.658  -9.017    9.75
 -3.294  -9.017    9.75
  9.017   3.294    9.75
  9.017    3.93    9.75
  -3.93  -9.017    9.75
 -4.566  -9.017    9.75
  9.017   4.566    9.75
  9.017   5.202    9.75
 -5.202  -9.017    9.75
 -5.837  -9.017    9.75
  9.017   5.837    9.75
  9.017   6.473    9.75
 -6.473  -9.017    9.75
 -7.109  -9.017    9.75
  9.017   7.109    9.75
  9.017   7.745    9.75
 -7.745  -9.017    9.75
 -8.381  -9.017    9.75
  9.017   8.381    9.75
  8.997   8.997    9.75
 -8.997  -8.997    9.75
 -9.017  -8.381    9.75
  8.381   9.017    9.75
  7.745   9.017    9.75
 -9.017  -7.745    9.75
 -9.017  -7.109    9.75
  7.109   9.017    9.75
  6.473   9.017    9.75
 -9.017  -6.473    9.75
 -9.017  -5.837    9.75
  5.837   9.017    9.75
  5.201   9.017    9.75
 -9.017  -5.201    9.75
 -9.017  -4.566    9.75
  4.566   9.017    9.75
   3.93   9.017    9.75
 -9.017   -3.93    9.75
 -9.017  -3.294    9.75
  3.294   9.017    9.75
  2.658   9.017    9.75
 -9.017  -2.658    9.75
 -9.017  -2.022    9.75
  2.022   9.017    9.75
  1.386   9.017    9.75
 -9.017  -1.386    9.75
 -9.017  -0.751    9.75
  0.751   9.017    9.75
  0.115   9.017    9.75
 -9.017  -0.115    9.75
 -9.017   0.521    9.75
 -0.521   9.017    9.75
 -1.157   9.017    9.75
 -9.017   1.157    9.75
 -9.017   1.793    9.75
 -1.793   9.017    9.75
 -2.429   9.017    9.75
 -9.017   2.429    9.75
 -9.017   3.065    9.75
 -3.065   9.017    9.75
   -3.7   9.017    9.75
 -9.017     3.7    9.75
 -9.017   4.336    9.75
 -4.336   9.017    9.75
 -4.972   9.017    9.75
 -9.017   4.972    9.75
 -9.017   5.608    9.75
 -5.608   9.017    9.75
 -6.244   9.017    9.75
 -9.017   6.244    9.75
 -9.017    6.88    9.75
  -6.88   9.017    9.75
 -7.516   9.017    9.75
 -9.017   7.516    9.75
 -9.017   8.151    9.75
 -8.151   9.017    9.75
 -8.787   9.017    9.75
 -9.017   8.787    9.75
 -9.017   8.787    9.75
 -9.017   8.787      10
  9.304  -9.304      10
  9.304  -9.304      10
  9.304   9.304      10
 -9.304   9.304      10
 -9.304  -9.304      10
  9.229  -9.304      10
   9.75   -9.75      10
   9.75    9.75      10
  -9.75    9.75      10
  -9.75   -9.75      10
  9.675   -9.75      10
    9.5  -9.317      10
    9.5  -9.317      10
 -8.787  -9.017      10
 -8.787  -9.017      10
 -9.017  -8.787      10
 -9.017  -8.151      10
 -8.151  -9.017      10
 -7.516  -9.017      10
 -9.017  -7.516      10
 -9.017   -6.88      10
  -6.88  -9.017      10
 -6.244  -9.017      10
 -9.017  -6.244      10
 -9.017  -5.608      10
 -5.608  -9.017      10
 -4.972  -9.017      10
 -9.017  -4.972      10
 -9.017  -4.336      10
 -4.336  -9.017      10
   -3.7  -9.017      10
 -9.017    -3.7      10
 -9.017  -3.065      10
 -3.065  -9.017      10
 -2.429  -9.017      10
 -9.017  -2.429      10
 -9.017  -1.793      10
 -1.793  -9.017      10
 -1.157  -9.017      10
 -9.017  -1.157      10
 -9.017  -0.521      10
 -0.521  -9.017      10
  0.115  -9.017      10
 -9.017   0.115      10
 -9.017   0.751      10
  0.751  -9.017      10
  1.386  -9.017      10
 -9.017   1.386      10
 -9.017   2.022      10
  2.022  -9.017      10
  2.658  -9.017      10
 -9.017   2.658      10
 -9.017   3.294      10
  3.294  -9.017      10
   3.93  -9.017      10
 -9.017    3.93      10
 -9.017   4.566      10
  4.566  -9.017      10
  5.201  -9.017      10
 -9.017   5.201      10
 -9.017   5.837      10
  5.837  -9.017      10
  6.473  -9.017      10
 -9.017   6.473      10
 -9.017   7.109      10
  7.109  -9.017      10
  7.745  -9.017      10
 -9.017   7.745      10
 -9.017   8.381      10
  8.381  -9.017      10
  8.997  -8.997      10
 -8.997   8.997      10
 -8.381   9.017      10
  9.017  -8.381      10
  9.017  -7.745      10
 -7.745   9.017      10
 -7.109   9.017      10
  9.017  -7.109      10
  9.017  -6.473      10
 -6.473   9.017      10
 -5.837   9.017      10
  9.017  -5.837      10
  9.017  -5.202      10
 -5.202   9.017      10
 -4.566   9.017      10
  9.017  -4.566      10
  9.017   -3.93      10
  -3.93   9.017      10
 -3.294   9.017      10
  9.017  -3.294      10
  9.017  -2.658      10
 -2.658   9.017      10
 -2.022   9.017      10
  9.017  -2.022      10
  9.017  -1.386      10
 -1.386   9.017      10
 -0.751   9.017      10
  9.017  -0.751      10
  9.017  -0.115      10
 -0.115   9.017      10
  0.521   9.017      10
  9.017   0.521      10
  9.017   1.157      10
  1.157   9.017      10
  1.793   9.017      10
  9.017   1.793      10
  9.017   2.429      10
  2.429   9.017      10
  3.065   9.017      10
  9.017   3.065      10
  9.017     3.7      10
    3.7   9.017      10
  4.336   9.017      10
  9.017   4.336      10
  9.017   4.972      10
  4.972   9.017      10
  5.608   9.017      10
  9.017   5.608      10
  9.017   6.244      10
  6.244   9.017      10
   6.88   9.017      10
  9.017    6.88      10
  9.017   7.516      10
  7.516   9.017      10
  8.151   9.017      10
  9.017   8.151      10
  9.017   8.787      10
  8.787   9.017      10
  8.787   9.017      10
      2     190      10
